sequence,bpos1,bpos2,distance,label
GGTATACATGTGTCCACAAACACACATGCACACACA,9,25,16,cooperative
CCAAGCCCGCGTGCAGCCCACCTCGTGGGGTGTCTC,10,24,14,cooperative
AGCACGCACGCGCGGAGGTTCGCACGCGGAGAAGGG,9,25,16,cooperative
CCCCACTTGCCACATGTAAACCACATGCTTCTGCCA,13,24,11,cooperative
ACGCCCACATGCCCCTCCCCGTCCACGTGGACACGG,8,26,18,cooperative
CCCCGGACAACGTGCGCCGTCACGTGACGGCAGAGC,11,23,12,cooperative
CGAGTAGCATGTGCGGGAGACTCACGTTGCCGGCGA,10,25,15,cooperative
AGAACAGCATGTGCTAAGGACCATGCTTGCAGAGCC,10,24,14,cooperative
CAGCACCCGCGTGTTCCCCCATCACGTGCTCAGAGG,10,25,15,cooperative
GGCGCCTCCACGCGGAACCCCACGCGGCGCTCAGCA,11,23,12,cooperative
GGTACAGCGCGTGTGGGGCGCCCCCACGTGGTCAAG,10,27,17,cooperative
GGGGAGACGTGCACGCGCGCGCGCGTGCGTGCAAGC,14,24,10,cooperative
CCCCCTCCCCATGCGCGGCGCCCATGCGGACTGAGC,12,25,13,cooperative
GTTGAGCACGTGTAAACCAGGCCACGTGCTTACAGA,9,25,16,cooperative
GCTGAGCCACGTTGAGTAAATGCATGTGCACGGTCA,10,25,15,cooperative
ACGATGCGCCGCATGGACACCACGTTGTCGGGCACG,12,23,11,cooperative
CTTAGAGAACACGCGATGACCACGTGGAGCCTCCGG,10,23,13,cooperative
CCGCCCATGCCACGCCCCGCCACGCGTGCGCTTAGG,13,25,12,cooperative
GAGCCATCAGCATGGTGACCCATGTGGACAAGCTTA,11,23,12,cooperative
CCCCTCAGCGCATGGGTGGCGGTCACGTGCCCAGAA,11,26,15,cooperative
CCTCTGCACGTGGCCTCCTTCCCGCGTGCACGCCAC,9,25,16,cooperative
CGCCCCCTCGTGGTGGAGGCGGGCACGTGCCGGGCA,9,26,17,cooperative
ATGAACCTGCATGTGTGTGTCATGTGGGAAGGGAAC,12,23,11,cooperative
GATTCCTGCACGTGTTCGCCCACATGATGATGAAGC,11,23,12,cooperative
GTGAACACATGGTTATCAAGAGGCACATGCTCTTAC,8,26,18,cooperative
GGGGCCGCACGTGCTGCGCCTGCGCGTGGAGCGGAC,10,25,15,cooperative
AGTCAGTGACACGTTTTCACCCACATGTCAGTACAG,12,24,12,cooperative
ATTGTCTAACACGTGTGACCGCATGGATGGTGTCCT,12,22,10,cooperative
CCCTGCATGTGGGAAACACAGGTCCACGTGCAAGAC,8,27,19,cooperative
CCCGAAACCGCGTGTGCGCGCACGTGTCCCCGCGAT,13,23,10,cooperative
GCTGGGCCTCGTGGGCGCGTTCCGCGTGGGTTCTGG,10,25,15,cooperative
CCCTCCGCACATGGTGCGAGCCATGCGCGGGGCGTG,10,24,14,cooperative
GGCCACCCCCACATGTCCCCATGTGTGTAAAACATA,12,22,10,cooperative
CCTAAAGCATGGCAGGAAAGCAAACATGTGGCTTTT,8,27,19,cooperative
AGGCTTTCACGTGTGTCATCTCACGTGATCTTCTGG,10,24,14,cooperative
TGGCCGCACATGTACGGGTATGCATGTGCTTCCATA,9,25,16,cooperative
CCCCGCCCCGGCACGTGCGCGCGCGTGGTCTGCCAG,14,24,10,cooperative
GCGTGTTGCATGCTGCCTCGCACGTGAAGGCAGGGC,11,23,12,cooperative
GTGTGCGCGCGTGCGAGTGTGCGCGTGTGCAGTCCC,10,26,16,cooperative
TGAGCAACCACGCTGTCCATGTCCCACGAGGCCTAC,11,27,16,cooperative
CAGAGACCGCGTGTGGTCATGACACGTGCCTTCCCA,12,25,13,cooperative
CAAACAGCCACATGGAATGGCCATGTGTAGGTGTTC,11,24,13,cooperative
CCTGCTCCACGTGTGCCTCTCGCACGTGGCTCCCCA,10,25,15,cooperative
CCCCTGCGCATGTGGGCTGCCTGACATGTGCCACTC,11,27,16,cooperative
TGCGCGCGCATGTGAGTGCGCACGTGAGTGAGTGTG,5,23,18,cooperative
CCCGCGCGTGCGCGCCCCCGCCGCCGCGTGTGAGTG,7,27,20,cooperative
GGTCTCACCTCGTGGCCTAAACACGCGTCAGAGTGG,11,24,13,cooperative
GACTGTCACGTGGCGCCGGAGTTCACGTGACTCGTA,9,26,17,cooperative
AGTTCCTCATGTGGTTATAATCCATGTGTAGTAGTT,10,25,15,cooperative
ACGCACCACGTGGATGCTTTGCCACGTGCTCAGTTA,9,25,16,cooperative
CAGGACAGCGTGCACGGGGCAGGCGCGTGGTGTGTC,9,26,17,cooperative
GACCCAGTCACATGGGGAACCATGTGGAGGCCGAGA,11,23,12,cooperative
AAAAGGAGGCACATGCCTGCCACATGAGGAAAACCC,12,23,11,cooperative
GCTATCACATGGAAAAACTGTGCATGCGTGCGCACT,8,25,17,cooperative
GTCTGCACGTGTGCACACACATGCACGTGCACCTGT,8,26,18,cooperative
CCTAAACGCGTGTGGCCCAGGGCCATGTGGATGCCA,11,26,15,cooperative
TCTAATCCACGTGGGGAATAACATGCGGGCCTGCAG,10,24,14,cooperative
AGGCATTTCATGTGCATATGCACATGCACACAATAT,11,23,12,cooperative
CTCGGGCATGCGTTTTGGTTTACACGCGGCCAGGTT,9,25,16,cooperative
CCTGGGAGCCACGTGCTGGCCATGTGGCCAGGGACG,12,23,11,cooperative
CCCATGCAGCATGTGGTCCCACATGCAGGGTGAAGA,12,22,10,cooperative
GAAGCCATGTGTCCCCAGCAGGACATGTGGGAGGAG,8,26,18,cooperative
CTGGGGCATGTGCCTCTCCTGCACATGTGTGTCTGC,9,24,15,cooperative
TCTGGAAGCCATGTGGAGGCCACATGGAATGCAAGT,12,23,11,cooperative
CCGCGGGCCCATGTGAGCGCCATGCGGCGCCGCGCA,12,23,11,cooperative
GGCAGGCCGCGTGGCCGGGTCCCATGTGCTCCACCT,10,25,15,cooperative
TGAACGCGCACGTGGAGGCTCACGTGGAGGAGGAGG,11,23,12,cooperative
CCCCCCACGTTATCACTGGCCCCCATGAGGGAGACA,8,26,18,cooperative
GTCAAATGACATGTGGCTAAAGCATGGAAGGATATC,12,23,11,cooperative
GACTGAGCCCCACGAGGCAAGCACGTGTCTGTTCCT,13,24,11,cooperative
TGCCAGCATGTGGATTGCAGTCCCATGTGCCTGGAT,9,26,17,cooperative
AACCTCAACATGTGCTTTGACCATGTGCCTCCCAGG,11,24,13,cooperative
GGAGGCCACGCGCGGCGATTTGCCACGCGCCGCGTC,9,26,17,cooperative
GTGAATACATGTGGGAGGCTCACATGTGACACCAAG,10,23,13,cooperative
TTGCACGCACGCGTACCCCCCCGCACGCATGCGCAC,10,30,20,cooperative
TGCAGGGTCACATGGGGAAGCCACATGGGATGATCA,11,24,13,cooperative
GGTCGCCATCACGTGACTCCCATGCGCCCTGGCCCT,12,23,11,cooperative
CGCTGCCGCGTGGCCCTCCTCGCGCGTGCACGGCAG,9,25,16,cooperative
CTTCCCCGTCACGTGAGCCCCACGCGGGGCCAATGG,12,23,11,cooperative
CCCCGAAGCACGCGCGCACCCACGCGGCCGCGGCTT,11,23,12,cooperative
CCTGCCACACGTTTCTTCCCCCATGTGGTCCTCATC,10,24,14,cooperative
CTGCTCCATGTGTCCCCTCGGCCACGTGGCCCCAGC,9,25,16,cooperative
GCGACTGCGCATGCGGGAGCATGTGATGAAGAATGT,10,22,12,cooperative
TTTCGATACGCATGTTGAACCCGCGTGTAACCCCAC,13,24,11,cooperative
TCTCTGCCACGTTTTGACCCAGCATGTGGCCCTCAT,10,25,15,cooperative
CCGGCCGTCACGTGGGAGGTCACGTGGGTGGTTTGT,11,23,12,cooperative
TTACAACACGCATGCGCCAAGCCCACGCGGTTCCGG,13,26,13,cooperative
ACCCAAGCCCTCGTGCTCCCACGCGGGTTTCACCGA,12,22,10,cooperative
AACATATACCACGCTGTTGTCATGTGGTCAGCTATG,12,23,11,cooperative
CACATTTCACGTGCTCAGCAGCCACGTGGTTACTGT,10,25,15,cooperative
CAGCAGGGCATGTGTTTATACCATGTGGCTAAATGC,11,24,13,cooperative
GGGCGTCTGCGCATGCGCACTCCCACGCGGACGATG,12,26,14,cooperative
GCCCCAACCCACGCGGAGGCCACGTGCACAGCTCCA,12,23,11,cooperative
CGACTGGCCACGCCCCCTGCCCACGTGCCACCCAGG,11,24,13,cooperative
ATGTGGACAGCGTGCTGGGGCACGTGACTGGAGGAA,11,23,12,cooperative
GGTGCACCCGCGTGGCGGTGCATGCGGTCGGGGTGC,11,23,12,cooperative
GGAATGCGCATGCGCAAAAGCCACGCGGGCGAACAC,9,24,15,cooperative
TGCGTCACGTGAGGAGGTGGTGTCACGTGACCTGTC,8,26,18,cooperative
AGATGCACATGGAAATATGAGAGCACGTGGAAGGGA,8,26,18,cooperative
AGGAATACGCACATGTGTACGTGTGTAGGCATGTGC,12,32,20,cooperative
GTTGGGAGCGCATGCGACCCCATGTGACTCGGGTCA,11,23,12,cooperative
GCCGGCTCTCACGTGGAGGTCACGTGACGGATGCTG,12,23,11,cooperative
ACAACTGACACATGTTCCTGCCACGTGGTGCTAAGA,11,24,13,cooperative
ATCTCCATGCGTTCTGATCAAGGCATGTGATGGTGG,8,26,18,cooperative
TGGCGGGCGCGTGGTGGGAACCGCGTGGAACCGAAG,10,24,14,cooperative
TGTCCTTGCACGCGCTGGCGCACATGCACTCACACT,11,23,12,cooperative
CCCCGTCACGCGCCGCCAGCGGCCATGTGCCAGGCC,9,26,17,cooperative
GTCTCTTGGCGCGTGGGGACCGCGTGGAAGTGCCTT,12,23,11,cooperative
AAACTCTGACCATGCTTCACGCACATGTGGTGGAAA,13,24,11,cooperative
TGGTGCCACGCCCCCACCCCGCCCACCACGTGACCC,9,29,20,cooperative
CCTCATATTAACGTGTTTGGCACATGTTGCCTAAAA,12,23,11,cooperative
TGCCTTTGGCGCGTGCGCACCACGTGACCCAGGAGT,12,23,11,cooperative
TACAAAGGCATGCGGCAAGACCACATGATGTTTATT,11,24,13,cooperative
GGTCAGACACGAGGTCGCGGAGCGCGTGGCACACCC,10,25,15,additive
GCCCTCACGTGCTCACTCACACGCACGCACGCAGGC,8,20,12,additive
GCCCCATGTGGCCGAGCCAGGGACCACATGCGTCCC,7,27,20,additive
CGCTCCACGTGCGCCGTGTTTACCCACGTGATGCGC,8,27,19,additive
ATGGGCCACACGCTGTCCCAGCACATGGTGGCAGGG,9,24,15,additive
ACGCCCACGCGGCATACAGGCGCGCACGTGCACACG,8,27,19,additive
TGTCTTCTCCACGTGTCTTCACATGGCCTGCCCTCT,12,22,10,additive
CGGCCACGTGACGCGCGACGGGGCCACGTGATGAGC,7,27,20,additive
GTTGCCATGTGCGAATGGCGCCCCCTCGTGTTGTGG,8,27,19,additive
GCCAAAGACATGTGCGACCGCATGTGGCTGCTGCAT,11,23,12,additive
GAGTCCACGTGCACCCCACCCAGCACATGCTCCTGC,8,26,18,additive
CGCGTCGCACGTGATGGAACCCGCATGGACCCGCGA,10,24,14,additive
CGAGGCCCACGCGAGGCCGCCCACGAGGAGTTTCCG,10,24,14,additive
AGTCCATGTGGCTTGAGTCGCAGCCATGTGACTCAG,7,27,20,additive
CGGGACACGAGGCGATCAAGGGAGCACGCGCGCCAC,8,27,19,additive
AGGTCCACATGTTGCATCTGGACCACGTGTTTAAGC,8,26,18,additive
ACACACCCTCACATGCCCCCATGTGGCCTCTTACTA,12,22,10,additive
CGCGCCACGCGCTCGGGACGGTGCCACGCGGCGGTG,8,27,19,additive
TGGGAGCCTCGTGGCCCCAAGCCACATGGCTGGCAG,10,25,15,additive
GCACCATCCCACGTTTTCTCACATGTAACTGGCTGG,12,22,10,additive
CCCTGGGGCCACGCGCCGCCACGTGCCGCCACAGGG,12,22,10,additive
CTCCACACACGTGCACGGCATGCATGCGCGCGCGCA,10,25,15,additive
CGCACCTCGTGCAGTGCCCACAACACGCGGCAGTCC,8,26,18,additive
TGAAGCGCATGTGTGTGCCCGCACACGCACATACAC,10,24,14,additive
AAAGCCATGTGTAACACACATACCATGCTGATCAGG,8,26,18,additive
CCAGCCACGTGTTCCCAGGTGCCCACGCGGGCCAAG,8,26,18,additive
TCTGGGTGTCACGTGGAGTCACATGGGGTCAATGTG,12,22,10,additive
CGTGGGCCGCGTGGGCCCAGCCTCGTGGGCTGAGTT,10,24,14,additive
CCCACACACATGCTCACGCCCACACATGCACACTCA,9,25,16,additive
CCCCGCGCACGTGCACAGCACCGCGTGCATCAGCCC,10,24,14,additive
CCTGCCACGAGGCCGCAGTATAACCGCGTGGCCCGC,8,27,19,additive
CCTCAGCCATGTGGGTGGGCATCACGTGATCTGCTG,10,25,15,additive
CGCCCATGCTGGAAACTCTACACCCATGTGTAACCG,7,27,20,additive
GGAAATGCGCGTGGAGACTGGGCGCGTGCAATGGTG,10,25,15,additive
ATGTGCACACATGCACACACGCACATGCCGCAGCTC,10,24,14,additive
TGCGTGCGTGCGTGCGTCCGTCCTCGTGCTCGCGCA,5,25,20,additive
CTCCCCCCGCGCGTGGCACCCACGTGGGGCTTTCTC,12,23,11,additive
CTTCCACGTGGTTTTCAGGCTAACCATGTGGTTTTT,7,27,20,additive
CTTCCCCCATGTGGTCCTCATCACATGTACATTGTC,10,24,14,additive
AAGGCACGTGCATTCTGGTCATCCCACGCGGGGAGC,7,27,20,additive
CTGGCGGCCGCATGGAGGCCCACATGCCTTACGCTC,11,23,12,additive
CGGGTCACGTGCCCAAAACACGCTCACGTGATGCGC,8,27,19,additive
ACAGCGCGCGTGCTGTCTTTCCCATGTGGTGGGGTT,9,25,16,additive
CAGTCACATGGTGTCAGCCGTGCCCACGTGACCAAG,7,27,20,additive
GCCGCGCAGCATGGAGCGGTGCCACGTGTTGGCCAG,10,25,15,additive
CCTCCCCACGTGGGACCCTCCCCACGTGGGACCCTC,9,25,16,additive
GCGGCGACCACGTGTTTGCCGCATGTGGTATCTGGG,11,24,13,additive
AGAAGGGTGCACGCTGAGCCCCCACGTGGGTAGCGG,12,25,13,additive
GCGGGCCATGTGACCCGGTTGGTCACGTGGCTGAGC,9,26,17,additive
TGCTGCCCCCGCGTGCAGCGCCCGCGTGCACCGGGC,12,25,13,additive
TGTGCATGCATGTGTGTGTACATGTGTGCGTGTGTG,11,23,12,additive
TACGCACATGTGTACGTGTGTAGGCATGTGCTGTGG,7,27,20,additive
CAATGCGCATGCGCTCTCCGCCACGCGCGCCCAGAC,8,24,16,additive
ATACACACACATGTGCATCCATGTGCACACACATAC,12,22,10,additive
CTACATCACGTGACGGCCAGTACGCGTGGGATTTGG,9,25,16,additive
GTATCCAGCACGCGTCGCAGCAGCGTGCGCGGCGTG,11,24,13,additive
CCCACAAACACATGCACTGACCACGTGGTCATCCCC,11,24,13,additive
TTTGCCCACGTTACGTCATAGACATGCGCGCGACGC,9,25,16,additive
AGCTCCTCGTGGCGGCCGACGCGCATGCGCAGCGCC,8,24,16,additive
CAAATCACATGGCCCACCCTGGCCACATGGGAGGAT,8,26,18,additive
TGTGCAGTGCACGTGAGAGCACGTGGCGGCTTCTGG,12,22,10,additive
TTTCTCTCCCATGCGGTAGCATGTGTGACAGCAGGA,12,22,10,additive
TGAGCGGGCGCGTGCGGCGGCCACGTGGGCGAGGAG,11,24,13,additive
CAACCACATGCACACCTGGACTCGCACACGCCCACG,7,27,20,additive
AGCCCCCACGTGGCCAGTCCCCCACATGGCCAGCCC,9,25,16,additive
TGCCCCCACGTGGCCACCGCTCCACATGGCCCCCTT,9,25,16,additive
TGGCGCCCGCGTGGCCACTGCGCATGCGGACCCGGC,10,23,13,additive
CCACCTCGTGGCCAAGAGGGAGACCGCGTGCCTTTC,7,27,20,additive
AGCGCGCATGCGCCTATGCTCCCACGCGCTCTCAAT,7,25,18,additive
CCGGTGCAACGTGCAGCAGGGCAACGTGCGCGAGAC,10,25,15,additive
GCGAGTTCCATGTGCGGCAGACACGCGCTCACACTT,11,24,13,additive
ATTCAGGCCATGCGGGCAGCCACGTGCAAAGGCCCT,11,23,12,additive
CTCAGAGCCACGCCCCCTTATGGTCACGTGAGGCGC,11,27,16,additive
GGCATCACGTGCGCAGAGCGGGTCACGTGGGCGCGG,8,26,18,additive
GAAGGGTCATGTGGAGAAGGCCACGAGGCCCAGCCC,10,24,14,additive
CGCCGGGTCACGTGGCGCGGTCACGTGGCGCGCAGC,11,24,13,additive
CGGGGCCGTCACGTGGGGCAGCGTGGGCCGCTGCCT,12,22,10,additive
CCCGGCCACGTGGGCCTCCGAACCACGAGTCATGCG,9,26,17,additive
CTGTCCACATGTCCCACACGGTGCACGAGGATGTCA,8,26,18,additive
GGCAGCTCGCGTGTGTGGGCGCACGTGCGTGCAAGT,12,24,12,additive
ACACATTTCATGTGGAAATGCCATGTGCGGTCATCT,11,24,13,additive
AGTCAGCGTGGTCTTCCCGTGGTCCACATGGCCGAT,7,27,20,additive
CCGGAACACGTGCACGCGCGGTCACGTGGCCCGGCC,9,25,16,additive
ATGTGTGTGCACACGTGCAGACATGTGTCCCCCGGC,14,24,10,additive
AGTCGTCTGCACATGCGGTTCTGCATGTGGCCCCCA,12,26,14,additive
CCCCGGACACGCGGTGAGCGGACATGTGCCGGCCGC,10,25,15,additive
GTCTGCCGCGTGGACCAGTGAGCACGTGCTCCCGGG,9,25,16,additive
CTGTCTGTAACGTGGAGGTGTCACGTGCCAAGGGCT,11,24,13,additive
TCTTGCACGTGTCTTTTGGTGAACATGTGTGTACAT,8,26,18,additive
TCCAGAACACGTGATGGGAAGCATGTGGGTATGTAT,10,24,14,additive
AAGCCATCACATGGCTCTGCGCCACGTGCTCAGTAG,10,25,15,additive
CCCCCACGTGCCCCGCATATTTTCCACGCGGCTGCG,7,27,20,additive
CGGACACCAACGTGCTGACGCATGTTCATTAGCGAG,11,23,12,additive
CTTTAGTGACACGTGACACCATGTGCTGCTGACGCC,12,22,10,additive
TCTAGACCACATGGCAGCAGGCATGTGTGTCTGCGT,10,24,14,additive
TGTGCACACGTGTGTGTGCATGCACGCGTCTGCACC,9,25,16,additive
AATCCATGCATGCTGGTGGGACAGCATGGGTAGCCG,11,25,14,additive
AAACAGCATGTTGCTCCCCACTGCCTCGTGTTGTCT,9,27,18,additive
TGCCCACGTGCCTGCAACAGTGGCCACGTGGGGCCC,7,27,20,additive
GGTAGGACCGCGTGATCGCGCACGTGACCGCCCGCC,11,23,12,additive
GAGAAACCATGTGTAAAAGGGGCACGTGGCCCTGCC,10,25,15,additive
CTCCCCCAACCACGTGGCAACCACGTGCTCCCAGCG,13,24,11,additive
ACAACACGGCATGGAGCAGCTCCACATGGACACCCC,10,25,15,additive
CCCCAACACGTGCTTATGTAACCACGTGGAAAGCGG,9,25,16,additive
ATTACAACACGCATGCGCCAAGCCCACGCGGTTCCG,14,27,13,additive
AATCCCACCATGTGGGAGGCCAACGTGGGAGGATCA,11,24,13,additive
TGCAATCCATGTGCTGCGGAACCATGCTGTGGGACC,10,25,15,additive
GCCCACCACGCGCTCCGGGTAGCACGTGTCCAGCCC,9,25,16,additive
AGCTGCATGTGTTGCAATCCGCTCACATGGGGCCTG,8,26,18,additive
CATCCATGTGAGAGTGTTTTTGTGCATGTGTGGGCT,7,27,20,additive
GGCACGCGTGCGGGCGTCACCGTGCGCGTGCGACCC,7,27,20,additive
ACGCAGCGTGGGACCATGACGCGCCACATGCGCAGC,7,27,20,additive
GCATGCAGCCACATGGCCCCACATGGTGCAGTTCTG,12,22,10,additive
CGGTGCGCGTGCGCGGTAGGAGACACGAGGGTAGTA,8,26,18,additive
CACCCTGTCACGTGGTTAAGCACGTGAGTTCTGCAG,11,23,12,additive
CAGCACAAGCATGCGTGCGCGCGTGCGCGCGCACAC,12,22,10,additive
GCCGCGGCCCACGCGGCGGGAGCACGCGGAGGCCTT,12,25,13,additive
AGAAGTCACGTGGCAGCCGGAAAGCGTGGCGGCTGC,9,25,16,additive
GATACCATGTGGAGAGAGAGAAGCCACGTGGAAGAC,8,27,19,additive
CGGAAATCGCGTGACTCGCCCCCCTCACGTGGGCCG,8,28,20,additive
ACCTACCATGTGAGCTGGGCACCCACGTGGGTCTCA,9,26,17,additive
ACCTCGCATGTGGCCCACAGGCCACGTTCCACTACC,9,25,16,additive
CGTGGTCACGTGACCGTCACTTCACGTGACCGCGCG,9,25,16,additive
AGCGGCCACGTTGATCTGCGATACGCGTGTTTGCCC,9,26,17,additive
CGCAGTCACGTGACCAAACGTCCACGTGACCGGTAC,9,25,16,additive
ATCACCACGTGTCAAGGGAGAGACCACGCGGAGGCA,8,27,19,additive
CAGCAGACACGCGCTTCAGGCCCACATGGCGCAGGA,10,25,15,additive
CCAGAGCACATGGTTAAGTCTGCCGCGTGGACCAGT,9,26,17,additive
CCCGAATCCCATGTGACCCCATGCTGTGCACAGTCA,12,22,10,additive
CCCTTGTCCACGTGTCCATCACATGCACATTTCTGC,11,28,17,additive
GAGCAGCATGTGTGGGTGCTCAGCATGTGTGAGCTG,9,26,17,additive
GCGCGGGCCATGCGTGCGCACACGCGCGCCCGCCCG,11,21,10,additive
GTGCGCGCACGCGCGCCCCTGCCGCGTGCAGCCGCC,10,25,15,additive
GTGTTCGCGCGTGCGTGCTTGCACATGCGCGCCACC,10,24,14,additive
CACGCGCCACGCTCCCAGCGCCATGTGCGGCCGATC,10,24,14,additive
CGACGCGCACACGCGGTCGCACGCGGCCCCCCGAGC,10,22,12,additive
GCGGCAGCCCCACGCGGCGGCCACATGCAGCGGCGT,13,24,11,additive
CGCGCACCCCGCGTGCCTCCACGTTCCACACGTAAC,12,22,10,additive
CTCCACTCACGTGCCCGTAGCCAGCATGGCCGGCCC,10,25,15,additive
CAGTCGTCCACGCTGCGCAACCACGTGCGCCTGCAC,11,24,13,additive
GGAACACACATGCTCACACACATGCATGCACGCTGG,9,21,12,additive
CTGCACACGTGACCGCACTGTAGCACGTGATGGCGC,8,26,18,additive
ACAGCCACGTGGGTGTTAGAAGCCACATGGCCCATC,8,26,18,additive
ACGGCCATGTGGCCTTGGACCGTCCACGTGGCCTTG,8,27,19,additive
GGGCGCCACGTGGCCCCGCCCCCGCCGCGTGCGCAT,9,28,19,additive
TCACCACATGCCACAGATCAAGACCACGTGCTCCTG,7,27,20,additive
CCACACACGTGCTCAAGCTCACAACACATGGATAGT,8,27,19,additive
CGAGCGCACGCGCATACGTTGACCGCATGCGACCCC,9,26,17,additive
GGGACCCATGCGGGACGGTAGACAGCGTGGGCAGGG,9,26,17,additive
TCCGGACCACGTGACCCCGCCCACGTGACGTCCCCT,10,24,14,additive
TCTTGGCATGTGGAGTCTAGCACCACATGAGAAGGG,9,26,17,additive
TGACGTCATGTGGCCCGTGTCGCCACGTGCTTCCAG,9,26,17,additive
CATTTCCGCCACGTGACCCGCGCATGCGCCTGCTTG,12,23,11,additive
GGGGCGGCCATGCTGCCAGGCACATGTAGGGGCAAG,11,23,12,additive
CCATTAGGCCACGCGGCCGCACGCGGGTGCTAATTT,12,22,10,additive
TTGCCACGTGACCCGCTCCGCATACACGTGACCAGC,7,27,20,additive
GCCGGGCCATGTGCTCAGCGCCCGCGTGGAGGTGGG,10,25,15,additive
TAGCCATGTGGCTAATTGTTTTTCCACGTGCTGCCT,7,27,20,additive
GGTGAGTCCACGTGATTAGTCACATGGTTGATGACA,11,23,12,additive
GGGTGGACCACGCGAGTCAGCACGCGGCTGTCTATT,11,23,12,additive
AGGGACACGAGGGCGCCGGGCCTGCACGTGGGACCC,8,27,19,additive
CCGGGTCACGTGGGTCCAGGGTCACGTGCCGCTGCG,9,25,16,additive
CCCCTCTCACGTGACTCGGTGCCGCGTGCTCCCAGG,10,25,15,additive
GAGGCCACCATGTGACAGAGCACATGGAACATGCAG,11,23,12,additive
CGTATGATGCACATGCACCCATGCTGTGTGAGCTCT,12,22,10,additive
AGGCCCGCACGCGGGCTCGAGCCGCGTGGAATGGTA,10,25,15,additive
CGAGCACGTGGGGTTGACGGGCGCCGCGTGGAGGCA,7,27,20,additive
GGTAGTCACGTGTCCGCGGGTGTCACGTGCTCGCGT,9,26,17,additive
GCGTCCACATGGCTTCAGGTGTTCACATGGCAGTAA,8,26,18,additive
CCCCCTCCACGTGACGACCCAGGACACATGCGCACC,10,27,17,additive
CACACAGCACATGCCTGATCACACGTGGGCGCTGGG,10,24,14,additive
GACGCACGTGCCCAGAGGAAGGGCCATGTGAGGACA,7,27,20,additive
GGGGCCGCGTGCCCGGGGCGGGGCCACGCGCGATTG,8,27,19,additive
GCCCCACGAGTCCCAGAGTGATCACATGCGGTACAT,7,25,18,additive
CAGGGCCCTCGTGTGCTTCCAGCACGTGAATCTGGG,10,25,15,additive
AGCGCGCATGTGCACCTCAGCCGGCCCACGAGGCCA,9,29,20,additive
CGAGCTGCACGCACACTCTCAACACGCGCCACCTCG,10,25,15,additive
TTCTCAGCCCACGTGTTCTCCCCCACGTGGGGTAGC,12,26,14,additive
TGCTGCCCCCTCGTGGCCGCACGTGTTACCGCAGGC,12,22,10,additive
TTCTTTCCCCACGTGGGTCCACGTGAGGCTCTGCCC,12,22,10,additive
TTTCGCGGCGTGGGCGGGGCCAGCACGCAGGTTGCA,9,24,15,additive
TGGTGGCCACGTGGGTGGTGACACGTGCCTGCTTGC,10,24,14,additive
CCGCCAACACGTGCGCGGACGCACGCACGCACTCCT,10,22,12,additive
TGTGCATGTGTGCGCGCCTGTGCTCATGCACGCCCC,7,25,18,additive
CAGGACGCGTGTGCCGGCCACAAGCGCGTGCACAGG,10,27,17,additive
CTTCGCGCATGTGACAGGCCCCAACGTGCACGATCT,10,25,15,additive
CACGTGATCACGTGCGTGGTCACATGGACCGGCCCA,11,23,12,additive
CTCACCGCACATGCGCGGAGCCGCGTGCGCAGCTGC,10,24,14,additive
ATAACTCCATGTGCTCATCGCCATGTGGTTTCTGCT,10,24,14,additive
CAAACCCTCATGTGCTCCTACCATGTGCTAGGCAGT,11,24,13,additive
CACTGAGCATGCGCCCCCATACGCGTGTGCCGCGCG,10,26,16,additive
CGAGCCGCGTGAAACGCAAGGCCCTCGTGTGTGCGC,8,26,18,additive
CCGCGAGCCCACGAGGCCCCGCGTGGTGTCACTGGG,12,22,10,additive
CATTTGCATGCGTTTGTGCATGCATGTGTGTGTCTG,9,25,16,additive
TTACACATCACATGGGGAGCAGCATGCTCCCACTGT,11,25,14,additive
CTGGGCCGGGGCGTGGCCACACGTGTGCTGGCTCTG,12,22,10,additive
ATCTGTAGCATGTGGCGAGCCCCCATGTGAGTGTGT,11,26,15,additive
TGCCTGACCATGTGTCAGGCCACGTGTCTGGTATTG,11,23,12,additive
CCTGACCACGTGGCTACTTTTCCCCCACATGCGGCG,9,28,19,additive
