A:	0.247290158829258	0.130795318317865	0.263079760807843	0.36422731316089	0.221887250483499	0.125273988137595	0.171971254329349	0.0735142789869308	0.105540292254093	0.950918357959304	0.000128668882877685	0.147646402836158	0.0163892553666862	0.000339000830399886	0.00328558326821715	0.14997786485293	0.154374228121526	0.101872216518525	0.274140910079368	0.243790531463025	0.142978139486454	0.119018134298422
C:	0.416291275994073	0.14920024852484	0.168851876431331	0.174277709943236	0.292305490910175	0.336764046879229	0.498873792971409	0.393505052583974	0.892670164569876	0.000129463545535176	0.849638457651006	0.0025864706299581	0.0325629231284751	0.00145054234563094	0.529695085160878	0.283334509084597	0.537707677713728	0.281135682297276	0.208098631993361	0.299716042259842	0.612912676842293	0.296738755995962
G:	0.205811910330511	0.635195021386248	0.167498469183845	0.296479499151525	0.214669340107691	0.313648609729838	0.220141692917673	0.529695085160878	0.00145054234563094	0.0325629231284751	0.0025864706299581	0.849638457651006	0.000129463545535176	0.892670164569876	0.393505052583974	0.311370642066592	0.127408360421573	0.249151687620795	0.363737172231534	0.180674424431945	0.104140780000243	0.390609759489834
T:	0.130606654846158	0.0848094117710478	0.400569893576981	0.165015477744349	0.271137918498636	0.224313355253339	0.109013259781569	0.00328558326821715	0.000339000830399886	0.0163892553666862	0.147646402836158	0.000128668882877685	0.950918357959304	0.105540292254093	0.0735142789869308	0.255316983995881	0.180509733743173	0.367840413563404	0.154023285695737	0.275819001845187	0.13996840367101	0.193633350215781
